image: final_map.pgm
mode: trinary
resolution: 0.001675
origin: [ -1.1247625, -1.7143625, 0.0]
negate: 0
occupied_thresh: 0.65
free_thresh: 0.25



